$ANSIBLE_VAULT;1.1;AES256
32653861613932373936373532623664376238616633386434303166613534353830623234386233
3262343664353932303130343362306338303132333461360a663439666164666139386339343536
62656630333261383161316261613032306530373237373533336164643261393932643063353330
6231366534313539370a323865336532306662653134393062323432643134663862373135383464
35326661343265396634646438613033366331663137313137343865356464393533623431356234
39643364356332386536623939313665333465363062656438393961643165626439353437373064
37636664663232333861663636343235343764396466616465303438373331313564326363636663
38393332616438663936343834653564313532633837366561633263313332333031666563383966
30623264376163323664383962353633633031376265396662313530633536383865623436633638
33376663386130316530393435613630396533663862363831333762373439656339613931303739
39383962656237333961313262353765373165626438373934333361653461616332633966383561
39643131373133653935316135363366396262613331643835323933663035353461373539643137
66653335363531633564313961353736323930343039333965643733316130623730
